999
15
999
999
8
999
999
999
999
999
999
999
999
999
999
14
999
999
4
15
15
999
17
999
9
999
999
999
999
999
999
999
999
19
999
14
999
999
999
16
999
17
999
20
999
999
14
999
999
999
999
999
999
999
999
999
1
999
999
999
999
999
20
999
999
999
12
999
13
999
999
1
999
999
999
999
2
999
999
999
8
9
999
999
999
999
999
999
999
999
999
999
14
999
999
7
999
999
20
1
999
999
999
999
999
999
999
999
9
999
999
999
999
999
8
16
999
16
999
4
999
999
14
12
999
999
999
999
999
999
999
13
999
999
999
999
15
16
999
999
999
999
999
999
999
999
999
999
6
999
999
999
999
999
14
999
14
4
999
999
999
999
999
13
999
9
999
6
999
999
999
999
999
999
20
7
999
12
999
5
999
999
999
999
999
999
999
999
999
999
16
999
6
11
999
999
999
999
14
999
999
999
999
999
999
999
999
999
999
16
999
999
20
11
999
999
999
999
3
999
999
999
999
1
999
999
13
999
999
999
999
999
999
999
17
999
6
999
999
999
999
999
999
999
14
999
999
999
999
6
20
999
999
7
999
999
999
999
999
999
999
19
999
999
999
999
999
999
999
11
11
999
7
999
999
999
999
999
8
999
999
999
999
999
999
8
999
14
20
999
999
17
999
999
999
999
999
6
999
999
14
14
999
999
7
16
999
999
7
999
999
999
999
999
999
999
999
999
999
2
999
999
1
2
999
999
15
14
999
999
999
6
999
999
999
999
999
999
999
999
999
999
999
999
999
16
16
4
12
999
999
999
999
999
6
999
999
999
999
999
4
999
999
999
20
999
999
999
999
14
3
999
999
8
999
999
999
999
999
999
15
16
999
999
1
4
999
999
5
999
999
999
999
999
999
2
999
999
999
999
